2.532474632110991664e+01
2.583310177554654885e+01
2.634852826322230612e+01
2.712554970232955753e+01
2.737143071521710880e+01
2.717676263436767670e+01
2.652116228941977738e+01
2.562509165477298367e+01
2.536039949852563069e+01
2.505208333063771775e+01
2.518982756093405939e+01
2.538753286168152812e+01
2.548424766310142076e+01
2.570427341121574827e+01
2.639929150290130266e+01
2.719441759582833384e+01
2.725774264828618954e+01
2.729479589396948569e+01
2.682446642856754693e+01
2.626107445916919403e+01
2.556397257287684965e+01
2.541505468713590687e+01
2.516062489660168211e+01
2.526574653113707214e+01
2.546041243183712055e+01
2.586290067167314533e+01
2.654714622044589944e+01
2.757624874376228519e+01
2.727601188066831384e+01
2.695565085609941391e+01
2.646940784427329518e+01
2.510334477239569040e+01
2.462435845036198145e+01
2.453433311686576346e+01
2.400797303071536248e+01
2.417337219697180473e+01
2.472792883808438091e+01
2.506021540322814545e+01
2.534307554687726949e+01
2.582217694402564589e+01
2.605153954145388084e+01
2.591473697848905999e+01
2.514488152341070304e+01
2.422615352130865674e+01
2.382840021121053198e+01
2.382779470984958436e+01
2.398282411418103521e+01
2.407819171898131216e+01
2.460148363040212516e+01
2.499411321829670030e+01
2.578430948454280269e+01
2.618685593127262123e+01
2.657745289515415976e+01
2.666139389084342781e+01
2.644600445958963775e+01
2.611397460012341654e+01
2.589489605340137857e+01
2.584213936825546298e+01
2.550886896814961347e+01
2.540495980753762595e+01
2.548129228741825614e+01
2.582247646460002954e+01
2.650822228112345158e+01
2.712881470920289573e+01
2.765796463224938506e+01
2.759646528309110280e+01
2.749738157130846616e+01
2.717761390981663538e+01
2.695484625121027733e+01
2.695311697248871496e+01
2.670432119825852268e+01
2.663522162704483875e+01
2.654149414699195120e+01
2.665425062301272519e+01
2.713891935693521873e+01
2.752175156634839581e+01
2.803831100940987753e+01
2.804671003959654740e+01
2.770788134427811755e+01
2.716942102181120333e+01
2.654163910375995172e+01
2.616753708414395518e+01
2.623741540685917073e+01
2.615996732267695535e+01
2.621044574493700452e+01
2.669190990438566047e+01
2.737322205882671966e+01
2.792270508684039143e+01
2.819573822650832540e+01
2.810565883946556553e+01
2.776060434920264441e+01
2.720780800346019745e+01
2.655601851081227238e+01
2.620458666359573741e+01
2.579093168048672524e+01
2.556216379709862352e+01
2.540006278917732274e+01
2.546279838490909597e+01
2.607397700783842609e+01
2.696383860879631911e+01
2.673659522533432664e+01
2.623247032951240953e+01
2.536066609265371952e+01
2.425597058610733114e+01
2.402813514981036036e+01
2.367763107364352493e+01
2.406890431920772855e+01
2.415817717835438927e+01
2.425955646420260692e+01
2.495738560746250556e+01
2.559615073995936996e+01
2.608566876189827966e+01
2.625152910767311099e+01
2.605398755616887740e+01
2.563776331692089272e+01
2.445973978101055835e+01
2.406485376652920394e+01
2.363766627442778301e+01
2.375753333118272437e+01
2.412350752480281457e+01
2.432089280264573361e+01
2.497529701693880355e+01
2.532556966126897535e+01
2.612293153917222810e+01
2.627755285710738775e+01
2.625842600185675835e+01
2.575682827393887919e+01
2.474339375152947085e+01
2.448647888264214600e+01
2.410546279903039490e+01
2.458454492376744227e+01
2.493713596983819158e+01
2.515278633796190988e+01
2.560383720234365512e+01
2.612298958241890290e+01
2.670889909565029541e+01
2.709635148357260803e+01
2.706286113670384097e+01
2.680120653989552437e+01
2.631521322033799493e+01
2.606121901462955393e+01
2.597602566313252481e+01
2.618303381886192582e+01
2.645909825699238027e+01
2.659493285813912067e+01
2.675276788080364909e+01
2.742944916381167175e+01
2.827503277878050980e+01
2.852633307836448751e+01
2.857091934246388121e+01
2.850995673918999884e+01
2.848925798237475249e+01
2.878948551834808711e+01
2.911802439019245625e+01
2.935440292612888413e+01
2.936831973346153291e+01
2.932476897197031462e+01
2.923048598709680590e+01
2.908209805018603333e+01
2.891548345895966676e+01
2.842993119477169017e+01
2.660711515285776940e+01
2.465855026467304967e+01
2.346298307660956795e+01
2.360868230732975093e+01
2.402504784470426813e+01
2.364549041191112266e+01
2.376855283356704973e+01
2.348041670098854539e+01
2.388510808020163267e+01
2.531726589097837277e+01
2.513114613590241575e+01
2.524657152457895037e+01
2.506776136207133376e+01
2.407505623781697679e+01
2.310643154674347244e+01
2.272055664911664152e+01
2.267740907430216879e+01
2.306432793240609769e+01
2.353776669557246493e+01
2.414717046254169475e+01
2.466641303290560217e+01
2.554006921269760255e+01
2.596034180137062819e+01
2.606810835593076092e+01
2.605373876104324182e+01
2.539676558704135800e+01
2.440303537366715148e+01
2.399734190381045806e+01
2.357266315518904776e+01
2.398816449196471723e+01
2.422969205825850025e+01
2.444544160622530882e+01
2.471178245600651380e+01
2.526794716536894470e+01
2.638627299940929305e+01
2.677136711775654732e+01
2.650181383229101684e+01
2.623514117260659617e+01
2.573492475730022022e+01
2.532068883696957329e+01
2.548580456290303076e+01
2.536674336122777618e+01
2.577240676504195704e+01
2.601506949106108380e+01
2.643765505047410258e+01
2.681133623126928711e+01
2.742400721017362741e+01
2.785844771723098034e+01
2.795642732784758877e+01
2.792563015998135612e+01
2.784729571123521197e+01
2.771844583967951436e+01
2.813645061917534207e+01
2.834153123380917805e+01
2.858146960886558219e+01
2.846407863200443700e+01
2.851037888108032092e+01
2.896647964916934725e+01
2.906774567281209087e+01
2.907855633079417146e+01
2.854757211564309216e+01
2.705541260282052818e+01
2.566914193379257725e+01
2.502953540010432221e+01
2.505649371988549490e+01
2.492004146788129759e+01
2.432154888295416129e+01
2.408060634508650111e+01
2.494980177750897354e+01
2.558223539318565187e+01
2.581317779288053771e+01
2.584004940011918450e+01
2.562906080906142137e+01
2.495049477041349917e+01
2.415288362195152061e+01
2.409174337491676354e+01
2.360771870297343611e+01
2.361575809044406071e+01
2.397763587162620880e+01
2.464061556874341363e+01
2.486335080772766304e+01
2.550620517870061477e+01
2.622983834219138188e+01
2.656560355363356152e+01
2.649372242941530331e+01
2.614724192960954241e+01
2.544631680897292370e+01
2.471911856737376922e+01
2.490698678056765303e+01
2.446144240093881450e+01
2.449602033651113686e+01
2.478415792829786923e+01
2.525500888893291673e+01
2.594606875670598001e+01
2.670191157497473711e+01
2.695375919014335153e+01
2.691133013313099198e+01
2.652976078636593726e+01
2.567677097917703577e+01
2.530038764300796572e+01
2.505462284647392224e+01
2.482734460521945863e+01
2.488225250020515134e+01
2.505729807840015866e+01
2.504788914431993518e+01
2.569238664595154020e+01
2.635658897785040367e+01
2.691318348880606237e+01
2.671784219085708045e+01
2.652375310947750364e+01
2.542436306115429190e+01
2.496377228055128228e+01
2.524669890946345063e+01
2.529130033233785824e+01
2.534775566925365453e+01
2.562463623125802670e+01
2.592138261636070951e+01
2.629252483665073825e+01
2.718818906720430562e+01
2.745929943855965050e+01
2.732987564142497661e+01
2.696821132888648265e+01
2.648737641859861114e+01
2.626861289317908188e+01
2.603390879512107858e+01
2.593612008838568528e+01
2.593885023419884917e+01
2.589250516626858456e+01
2.632841924563846803e+01
2.714250000016049924e+01
2.780276747099199852e+01
2.813998004296241717e+01
2.808125667973637363e+01
2.776551374681921658e+01
2.741053923255501346e+01
2.735044225763740044e+01
2.750314858500482984e+01
2.780135541787353048e+01
2.786446403281222217e+01
2.790772866141014319e+01
2.787920509154825055e+01
2.795582096366537073e+01
2.837422494496648184e+01
2.873182297265755736e+01
2.845972345959562944e+01
2.741746574078725729e+01
2.615039906001704750e+01
2.562232878241542622e+01
2.544065733706522892e+01
2.505483799627814179e+01
2.445268725330052462e+01
2.414814112138805413e+01
2.450720915561647573e+01
2.491621023516934130e+01
2.571399280165068291e+01
2.592793964553230524e+01
2.582848522371179456e+01
2.499062412976998004e+01
2.391290542333348768e+01
2.345226960250141701e+01
2.385302215587127606e+01
2.390974458634489253e+01
2.415068747969326068e+01
2.454941045015131351e+01
2.505319247929665138e+01
2.609682107749732793e+01
2.658446024113486672e+01
2.677631945939041813e+01
2.692272810105988512e+01
2.665285758978276576e+01
2.626351356967911599e+01
2.617188339206501624e+01
2.636819096780690330e+01
2.600260013570189699e+01
2.587045590651564098e+01
2.626284045730503891e+01
2.647207185014056918e+01
2.701176136102476377e+01
2.789214264194742654e+01
2.819959340523190505e+01
2.799501309907761737e+01
2.762817774391216474e+01
2.652534300204317219e+01
2.590735455628067996e+01
2.575406515262616125e+01
2.563023036065901294e+01
2.545506435751575935e+01
2.512304097026219907e+01
2.498735280641065870e+01
2.620941712689893777e+01
2.644985581786043483e+01
2.674264595543700906e+01
2.662283403433240991e+01
2.617306544152304326e+01
2.509049825798100741e+01
2.426902019331956595e+01
2.397101134352184815e+01
2.422579369292194684e+01
2.431917555189808411e+01
2.461007482549889858e+01
2.507028007677510217e+01
2.539090775405008316e+01
2.564012333525911203e+01
2.590237112557356625e+01
2.580795589719217276e+01
2.512753778036579178e+01
2.397227820275989885e+01
2.350126488200351460e+01
2.359904424090071018e+01
2.341786206342236554e+01
2.416022720793763767e+01
2.513795625539574274e+01
2.540905594567654546e+01
2.603440089452163164e+01
2.645637732254284202e+01
2.677021839858176477e+01
2.661378641603197082e+01
2.633280744845835031e+01
2.554561209625513385e+01
2.537509305898385747e+01
2.493016252217787354e+01
2.474019197802397940e+01
2.509001709607946395e+01
2.581978282942143821e+01
2.620561050097443356e+01
2.675313697076047603e+01
2.757503260596995176e+01
2.805789640733947365e+01
2.776277143539555325e+01
2.741056517258337166e+01
2.686775967381309371e+01
2.651146884215929589e+01
2.683432910370254021e+01
2.669656331890106316e+01
2.654214720298096353e+01
2.667912614642758840e+01
2.683123212828928317e+01
2.743792501028075392e+01
2.799889223629480028e+01
2.859108420014831609e+01
2.861031143892117257e+01
2.825586399267105264e+01
2.753825851144550896e+01
2.720479770327002811e+01
2.772605766885304845e+01
2.771398118830071411e+01
2.761789533607997882e+01
2.771251281934493704e+01
2.798775365266499549e+01
2.853177648040663783e+01
2.888504003095577843e+01
2.923776690251049715e+01
2.907548977001576773e+01
2.891492512065975617e+01
2.849314417693530288e+01
2.777568804849686757e+01
2.775688665815418688e+01
2.748325704741040454e+01
2.718093347619997857e+01
2.698579186776434469e+01
2.669055867235675805e+01
2.699507414690990004e+01
2.707808567754482709e+01
2.696707509180541962e+01
2.606390387369605932e+01
2.488073857468351591e+01
2.358492484774015807e+01
2.294205511237141337e+01
2.373132369858873147e+01
2.355631258717897936e+01
2.365321112801563075e+01
2.390153944750882431e+01
2.427245229897482659e+01
2.485427632662700148e+01
2.578475619052995782e+01
2.606644257937261244e+01
2.622614062392315404e+01
2.596042603281332006e+01
2.546023872320334647e+01
2.517419885866477003e+01
2.476565294103114923e+01
2.522655423982506306e+01
2.531204163799898765e+01
2.521886066314090158e+01
2.526005710319927999e+01
2.599979230873031000e+01
2.675561626095696255e+01
2.740922058339675615e+01
2.733756445794406176e+01
2.711073936207202095e+01
2.679981521852099391e+01
2.641170168423810338e+01
2.631815647288384596e+01
2.631143938134104587e+01
2.609048119796579357e+01
2.614536588615274582e+01
2.636841044542156354e+01
2.687122390447040132e+01
2.738934047291814977e+01
2.776250271140150971e+01
2.766914107774597653e+01
2.713185721967295549e+01
2.599229898874589395e+01
2.530110567009214861e+01
2.514190490347516160e+01
2.459503286367778330e+01
2.458215008606648055e+01
2.497605701493819552e+01
2.554821426571223242e+01
2.610157305536016636e+01
2.649924769064728025e+01
2.694903258852381001e+01
2.661096746756116360e+01
2.590349041812773123e+01
2.479297437485026023e+01
2.443875611824724103e+01
2.350748370242883922e+01
2.389712353604086914e+01
2.433721168145046576e+01
2.474980155635057244e+01
2.523369283799083007e+01
2.595350991564354004e+01
2.652628900300888759e+01
2.695620448471914088e+01
2.690661017784293563e+01
2.666353152027988571e+01
2.580291302895412997e+01
2.520610561894373447e+01
2.480149292487839219e+01
2.513201315343006925e+01
2.494749440721784239e+01
2.503471416727240495e+01
2.529573723540409702e+01
2.593957051318910700e+01
2.672958499274280797e+01
2.694330335003853705e+01
2.693428284050634502e+01
2.638163182565850207e+01
2.560906004905731237e+01
2.490796984118780344e+01
2.456820904156714391e+01
2.476541636882267383e+01
2.484246593856729390e+01
2.528930124133048452e+01
2.578055860244381137e+01
2.603319870561798410e+01
2.683374815711023587e+01
2.720994051857180551e+01
2.730922509497345985e+01
2.711676986669626288e+01
2.686034595250469792e+01
2.670817574541696615e+01
2.651850198991464325e+01
2.666053717367557141e+01
2.662357180235126108e+01
2.661327648490400577e+01
2.682089919176844006e+01
2.740179489185678818e+01
2.803063121409723024e+01
2.842631344575002927e+01
2.843910260187519867e+01
2.835900240233372216e+01
2.815999520488790253e+01
2.794468308723385164e+01
2.821268214873006386e+01
2.835771812491924848e+01
2.839626213752978856e+01
2.833944716447465240e+01
2.842991830095264660e+01
2.866050653318048091e+01
2.892155230578529768e+01
2.880876756136729000e+01
2.746651685452272673e+01
2.608699887025486674e+01
2.465597685140583906e+01
2.461723707613295531e+01
2.428518591037109431e+01
2.385766160344209652e+01
2.399336808729779591e+01
2.432432397062169116e+01
2.531517400182938715e+01
2.547180987940194186e+01
2.574014578003890108e+01
2.585009549970399334e+01
2.537759483129357463e+01
2.444619193664208012e+01
2.318673269336369813e+01
2.272667310319905098e+01
2.311815641896916063e+01
2.296480377592460442e+01
2.333018671231095809e+01
2.376763803564801592e+01
2.468840005334749677e+01
2.546506965871347106e+01
2.568433264462229459e+01
2.586883379560608986e+01
2.607282081694220821e+01
2.575189152579870466e+01
2.470925345577679266e+01
2.426684811113301876e+01
2.423070069669670090e+01
2.440331146882146740e+01
2.475267934550928217e+01
2.531114105572094886e+01
2.567512478030516831e+01
2.603518295504175128e+01
2.671338454338117785e+01
2.710429221292498525e+01
2.695025823893571015e+01
2.660184308718313773e+01
2.579488778800955018e+01
2.552632365595535546e+01
2.520174215667642414e+01
2.489651930696282989e+01
2.503270510270717253e+01
2.548379190653637139e+01
2.572904475743183283e+01
2.634467465757667526e+01
2.708621379750001879e+01
2.753198082286670711e+01
2.766869625627477092e+01
2.741539332345695357e+01
2.714700580965611820e+01
2.699083259377822941e+01
2.715219762875749154e+01
2.752646132159414449e+01
2.750047666049045603e+01
2.745691678951021331e+01
2.758881614586204378e+01
2.826312007339021903e+01
2.870631246741069731e+01
2.891436758982144539e+01
2.879424762133537286e+01
2.829718370685079520e+01
2.703720269212311678e+01
2.641159196668570175e+01
2.637608721288078328e+01
2.564540689431023424e+01
2.577243948613439173e+01
2.562266485337247701e+01
2.564699854109353439e+01
2.626271913964227878e+01
2.721783681224577833e+01
2.727473378090776279e+01
2.689200766267021692e+01
2.608627357022490045e+01
2.488170652435421104e+01
2.473723933223906002e+01
2.482323724433593171e+01
2.437924545698545487e+01
2.457219356284907263e+01
2.503727892251176002e+01
2.561772506671620420e+01
2.576100553425483852e+01
2.659867320018649650e+01
2.678693141346459328e+01
2.675172022370945868e+01
2.590551295637437690e+01
2.460238924166547747e+01
2.458575765385352696e+01
2.428750987166798936e+01
2.424899518034166945e+01
2.429020982883659485e+01
2.497715599701759714e+01
2.552373935029400087e+01
2.579496685856011595e+01
2.602285335862434934e+01
2.673975193636207592e+01
2.691242986169104867e+01
2.655851207767510758e+01
2.596792629167865485e+01
2.542736019198622799e+01
2.554628600444545228e+01
2.554264044606939166e+01
2.557342142263191320e+01
2.565817923547146506e+01
2.630643216033448795e+01
2.711143837000886592e+01
2.798220712464606308e+01
2.834448971818319762e+01
2.853788940100844584e+01
2.848226639982057407e+01
2.841577132018678853e+01
2.830603873472676923e+01
2.861981368010945204e+01
2.879679408114927597e+01
2.878872342698553055e+01
2.881048888458113311e+01
2.884156159067610758e+01
2.908071754226143213e+01
2.933310212577525533e+01
2.926291819591538612e+01
2.912981435993591006e+01
2.821245378852614394e+01
2.683053507490893708e+01
2.626544376903864375e+01
2.605261979916839721e+01
2.548889000152826867e+01
2.463684585593486176e+01
2.456174865625808224e+01
2.510154233619909903e+01
2.588628821892099907e+01
2.648639373031249988e+01
2.703997400369181747e+01
2.647428730234453909e+01
2.582893613025241564e+01
2.446898478070466965e+01
2.441844586136772577e+01
2.412229717433715592e+01
2.421011396478658639e+01
2.401765057749719290e+01
2.452279214015775111e+01
2.503159584064910348e+01
2.586979743884106853e+01
2.635914273991895485e+01
2.650542430438504127e+01
2.661737196639915126e+01
2.620233853008876679e+01
2.536070204817940876e+01
2.464395724517372344e+01
2.430140320642924578e+01
2.453088639158954010e+01
2.450094145200583995e+01
2.487447158387138302e+01
2.530195421344132356e+01
2.613939251350076276e+01
2.682326644423100248e+01
2.723224018902256915e+01
2.737187009797805004e+01
2.736842051701433221e+01
2.709113594533667424e+01
2.679830266799640270e+01
2.687502950005954716e+01
2.685140357558274715e+01
2.696849581349766822e+01
2.714107971345240600e+01
2.739998318330421867e+01
2.816986399754716075e+01
2.899575460435376684e+01
2.932026675621929002e+01
2.924451132340696091e+01
2.912924574067037753e+01
2.916435253018138596e+01
2.931411658504223183e+01
2.961456391650606079e+01
2.951028263615571134e+01
2.969147160061756807e+01
2.963498551948022808e+01
2.926572993575299719e+01
2.915343203287401153e+01
2.910037319009660806e+01
2.822557498308745494e+01
2.647509212812788704e+01
2.532672756639047407e+01
2.423188956000837280e+01
2.401767056471846118e+01
2.452231808122122203e+01
2.384007683801702981e+01
2.404978661360013703e+01
2.394318844736586271e+01
2.533749201646813631e+01
2.505575106326595503e+01
2.566836787080076476e+01
2.610208718235202952e+01
2.598395173810292746e+01
2.540831349621320356e+01
2.417883300289969739e+01
2.349851859647967345e+01
2.344665825718201901e+01
2.379000344506409093e+01
2.408315373158811568e+01
2.422229519501978956e+01
2.567077379476882015e+01
2.566313913665545599e+01
2.625713842055644420e+01
2.656164272984922903e+01
2.661584525819804625e+01
2.636028599371016412e+01
2.584356752318764805e+01
2.520012753166321318e+01
2.517464201195324591e+01
2.484277759677958741e+01
2.508476334268559782e+01
2.529084484296537028e+01
2.620798306185146842e+01
2.665871993343570523e+01
2.749334081949492870e+01
2.802675225379844548e+01
2.814396922812403901e+01
2.807447916393743981e+01
2.780487005452096128e+01
2.765093598362770777e+01
2.788537373156905730e+01
2.793956838394314346e+01
2.792100752941820119e+01
2.825854803992520914e+01
2.864891469066765239e+01
2.921007670452174665e+01
2.942592589432426209e+01
2.973771568124745457e+01
2.970874100510263105e+01
2.941302146472480672e+01
2.934261912889914470e+01
2.945357740470677044e+01
2.938492253893579331e+01
2.918984252668427359e+01
2.915552239095066156e+01
2.890146802977233520e+01
2.864261482869516584e+01
2.873825077363138547e+01
2.860630223265018302e+01
2.694043155950736690e+01
2.539601430434283102e+01
2.391760835421509057e+01
2.275791447690082236e+01
2.329864083976908873e+01
2.357713621252471370e+01
2.313818208738688043e+01
2.288842495206300498e+01
