2.376083856393427496e+01
2.434810952912071613e+01
2.445163282654788262e+01
2.520269130143705993e+01
2.555018760843769243e+01
2.536985389192080831e+01
2.476227284452854605e+01
2.339337997204654584e+01
2.352914391501455071e+01
2.376936098447865930e+01
2.380792539741980818e+01
2.379156725278950546e+01
2.437062128429833052e+01
2.505333233987242991e+01
2.548405023645762668e+01
2.625019916852298607e+01
2.633016758101102539e+01
2.646098333996413032e+01
2.615161991062922908e+01
2.534360692592951381e+01
2.492515250389845249e+01
2.467615435092150022e+01
2.472507652461787231e+01
2.507303656761257571e+01
2.563286433116143215e+01
2.634445546900125379e+01
2.691581891299844997e+01
2.772157848674267910e+01
2.786489872097954290e+01
2.795243856102967328e+01
2.792678552321572027e+01
2.787688189772666547e+01
2.782818381530283247e+01
2.825384550193458111e+01
2.828980761670596777e+01
2.842838648371525423e+01
2.856741080115694231e+01
2.872699491368409497e+01
2.902984387289073709e+01
2.936955460171608934e+01
2.956678589209785102e+01
2.942177313676678807e+01
2.836131235517646232e+01
2.644659541982742113e+01
2.631868529778486021e+01
2.572007439807637752e+01
2.502951743181626298e+01
2.513168779118376506e+01
2.514932170847853143e+01
2.530353039905106982e+01
2.593550910799419995e+01
2.681730740430263893e+01
2.647817861651830640e+01
2.617634599803628603e+01
2.532455704611319547e+01
2.402131180052445458e+01
2.368243187665958160e+01
2.361642386963669082e+01
2.372784368107483388e+01
2.385638449502057412e+01
2.432298635936334819e+01
2.486791216762568268e+01
2.549807799232882388e+01
2.594751460115783814e+01
2.620360347921942434e+01
2.624899607953145164e+01
2.570820224601862947e+01
2.484974212399459503e+01
2.428766397503328633e+01
2.399594659987195655e+01
2.402363665455466091e+01
2.443950565128517027e+01
2.501289127109140509e+01
2.556463507815284686e+01
2.663491211999984287e+01
2.693492970506590112e+01
2.697188376667925525e+01
2.699149356727407323e+01
2.640644200815268761e+01
2.546029387719422488e+01
2.483018281824127982e+01
2.441970192710496690e+01
2.448273924895083553e+01
2.459047051919048599e+01
2.540428962882705122e+01
2.585418558449361370e+01
2.643457012413434271e+01
2.705009915890888905e+01
2.748371076658147416e+01
2.737905873958453284e+01
2.694148648629866827e+01
2.606538200207845080e+01
2.557665909415248606e+01
2.524219406848213509e+01
2.539178753522888599e+01
2.567930631967493227e+01
2.572894783363954119e+01
2.625839181613825701e+01
2.690001220313388330e+01
2.775870995194991053e+01
2.810829656870951254e+01
2.813172172579512775e+01
2.812571436656947199e+01
2.811682866533225678e+01
2.808696430814205058e+01
2.843000793356221223e+01
2.846804861543357390e+01
2.853417131636463111e+01
2.857747503991404514e+01
2.869429666175912885e+01
2.890844785181470655e+01
2.917749652078572353e+01
2.925337572440167122e+01
2.848443729236046806e+01
2.710676597009911859e+01
2.556791344272697586e+01
2.515976146709228800e+01
2.489716954944058358e+01
2.444939560639533838e+01
2.420033432134069074e+01
2.458117043550586089e+01
2.477357631727054255e+01
2.551328255207513251e+01
2.613409060388732641e+01
2.637842574540429652e+01
2.626095409083358589e+01
2.504060937772187856e+01
2.401310541008522392e+01
2.446084761002439123e+01
2.414420060312621530e+01
2.385459767657016172e+01
2.432816508466570227e+01
2.502352585875435764e+01
2.607798977306667254e+01
2.667538009749607042e+01
2.716066241144108417e+01
2.766642042790332923e+01
2.728724584565100741e+01
2.674273395304564716e+01
2.619447713934279065e+01
2.559965968123057323e+01
2.545940713913975628e+01
2.531753234140692044e+01
2.536047633396018597e+01
2.570273600304789952e+01
2.585521946175961716e+01
2.607483990152523390e+01
2.667401406633918270e+01
2.743284535587672934e+01
2.745483204322103887e+01
2.714990678501881405e+01
2.653707931894585315e+01
2.623443537304573425e+01
2.635597424977152414e+01
2.643378110989396390e+01
2.688963640309414060e+01
2.751441686879595494e+01
2.816269036593015329e+01
2.888200138092222957e+01
2.952907711691586456e+01
2.972926302392789211e+01
2.963658417543899759e+01
2.962387576069933814e+01
2.957216149418026063e+01
2.967349694735129617e+01
2.974138535358130397e+01
2.979259624336249956e+01
2.991547877931791177e+01
2.975955204559741318e+01
2.965885337265899224e+01
2.927849307948475044e+01
2.905957906443732952e+01
2.860078015052548750e+01
2.721006369487727028e+01
2.554544131735049106e+01
2.428108822806098388e+01
2.480121122001441591e+01
2.476727866283927781e+01
2.373344757126696791e+01
2.381769301553804397e+01
2.411017151189723506e+01
2.487392312374621639e+01
2.514155174785833324e+01
2.568061910484506072e+01
2.570430728041994328e+01
2.560930357820441472e+01
2.492699231404974824e+01
2.371471001746628460e+01
2.383986199748742152e+01
2.384305628531826926e+01
2.421333424402278922e+01
2.455898168666831793e+01
2.514425863577825027e+01
2.585331982064375467e+01
2.574953550977276961e+01
2.629970203803592099e+01
2.687290871722172625e+01
2.698502866530370881e+01
2.668864171084873149e+01
2.629229222659508736e+01
2.589864923386630480e+01
2.539644931413269546e+01
2.558273886791067042e+01
2.574132569505971091e+01
2.625140153060093340e+01
2.677495767905415747e+01
2.751609495789734439e+01
2.825846570591157203e+01
2.871766669076734502e+01
2.871989886170664974e+01
2.852835290618958552e+01
2.826484287829197228e+01
2.797912940007553928e+01
2.803912762905464007e+01
2.825340718900776338e+01
2.833977427580046893e+01
2.865850665539738529e+01
2.901777647270856164e+01
2.940116394324473248e+01
2.980523468075176297e+01
2.986171188853589342e+01
2.977042639057196993e+01
2.943166436379620521e+01
2.868264822155910920e+01
2.812415245926623086e+01
2.768277719252388280e+01
2.757758475724068248e+01
2.715648330623150741e+01
2.685519500285370498e+01
2.722842537440060440e+01
2.794277671911193295e+01
2.849694684088929364e+01
2.864422156363918859e+01
2.828758767833027932e+01
2.719594244945254502e+01
2.609134826521213668e+01
2.534996106180908981e+01
2.538789055698560304e+01
2.494921635803750704e+01
2.494155908377200959e+01
2.508135792756490901e+01
2.527126287966069995e+01
2.593432244241294171e+01
2.635034199308454816e+01
2.657817769495551019e+01
2.643174935142715043e+01
2.594338813702772129e+01
2.507652528471355780e+01
2.395703485215041795e+01
2.487933666927708032e+01
2.425905479925763331e+01
2.503300693712306924e+01
2.552468552295655613e+01
2.612459651321270826e+01
2.666552310324519937e+01
2.727770196674681458e+01
2.793320963478708308e+01
2.801062404021569918e+01
2.789561152689113399e+01
2.763561771790650567e+01
2.684741397129637264e+01
2.663235366691160877e+01
2.691375188419417341e+01
2.696085710408230085e+01
2.720862998352695428e+01
2.739750765799056609e+01
2.775926310955712850e+01
2.845334478015841029e+01
2.907600476685074398e+01
2.907690234805773244e+01
2.894515559856077402e+01
2.860268847660945113e+01
2.835785976328986635e+01
2.856040643479115460e+01
2.872366394152267688e+01
2.885157868864369135e+01
2.907072062531105416e+01
2.944093110973742355e+01
2.970946183304628363e+01
2.996269702238623012e+01
3.001146598116234898e+01
2.973400880039446648e+01
2.908051499925193539e+01
2.798340781658128051e+01
2.725965940049584901e+01
2.770449924163826338e+01
2.715446944671340290e+01
2.667657143077390103e+01
2.640894071751365146e+01
2.654772935641219789e+01
2.728998179966518833e+01
2.865643720651876336e+01
2.861889136270119138e+01
2.804324019145452240e+01
2.687379279313248759e+01
2.488767009279520792e+01
2.443632607097818621e+01
2.458963426059320767e+01
2.428995657558713006e+01
2.394644203689922790e+01
2.455941263198662483e+01
2.473751558125806227e+01
2.649730942831635261e+01
2.627529285424299133e+01
2.626664633492433154e+01
2.631319358776234907e+01
2.587909846311225692e+01
2.471515097695911933e+01
2.408340368162240708e+01
2.414738028159660033e+01
2.424837814998907248e+01
2.417049241088624711e+01
2.469450417858003277e+01
2.556840031881203146e+01
2.667636537296838384e+01
2.668629866453698085e+01
2.701401729402073926e+01
2.711294322463744422e+01
2.692626976952773887e+01
2.616773896432624724e+01
2.571731423245299553e+01
2.570969658407915404e+01
2.590705121594024973e+01
2.603040149466969311e+01
2.610454168338273462e+01
2.628717379366504048e+01
2.703724032623614448e+01
2.743730268124574323e+01
2.782998341629215133e+01
2.779891615149946915e+01
2.755833495930900767e+01
2.677465834248093657e+01
2.601171542611959353e+01
2.581833833960373425e+01
2.581218385102344470e+01
2.601663464898344102e+01
2.663708279787741517e+01
2.705849284598187765e+01
2.776817780941109604e+01
2.867590257498583384e+01
2.900230980256845470e+01
2.911757888715116138e+01
2.908728757609276272e+01
2.911833629678595869e+01
2.927879530002971364e+01
2.954458458596509374e+01
2.985316297959750287e+01
2.982722488101009617e+01
2.982961212093141512e+01
2.971662504582423736e+01
2.991655979559932987e+01
3.004217892911129084e+01
2.994692621302550251e+01
2.884776848093829571e+01
2.761291944433966705e+01
2.593008422965941762e+01
2.533008792994355218e+01
2.538627415496784678e+01
2.502647033615118843e+01
2.492903978538308252e+01
2.513185666166059207e+01
2.610751845243936486e+01
2.665548146465126322e+01
2.677193190280505419e+01
2.694392924908766673e+01
2.651681938829883478e+01
2.571047125563336877e+01
2.474751506802056511e+01
2.419205895225532998e+01
2.479805476065015668e+01
2.469216431345963159e+01
2.473161311011504537e+01
2.551049959386780941e+01
2.637041016420786121e+01
2.704498433273779412e+01
2.782938848070356386e+01
2.789286193833718386e+01
2.779929295522475030e+01
2.735496597816665343e+01
2.628236584367027362e+01
2.602943168828878484e+01
2.579273486470522414e+01
2.568280744354425593e+01
2.577176298212022587e+01
2.610135009064355316e+01
2.724751513096563116e+01
2.745868421837078444e+01
2.823047790613272667e+01
2.859289491056858523e+01
2.864033053452217814e+01
2.861997911692220598e+01
2.824652664919234724e+01
2.790485296962871331e+01
2.819206891023051398e+01
2.801473584192613586e+01
2.802277977364290962e+01
2.807580568293891687e+01
2.808978785212264029e+01
2.874166333031476128e+01
2.947545606000491603e+01
3.003745913353889563e+01
3.000805435286748590e+01
2.988265432230020835e+01
2.969195028570358019e+01
2.965586631353540170e+01
2.975699638592536189e+01
2.961296540110589248e+01
2.962460292307133258e+01
2.953099268387103038e+01
2.914558743003875563e+01
2.896719039273955687e+01
2.903587696639774052e+01
2.823927882385161325e+01
2.647382296831780835e+01
2.518512302161215999e+01
2.383081294955666962e+01
2.388688713247125150e+01
2.396235474233340312e+01
2.363963035253863865e+01
2.379373661864098111e+01
2.423087930428188130e+01
2.624114521994437155e+01
2.596899048047699310e+01
2.634400749182476531e+01
2.644644965845900586e+01
2.630398621298236961e+01
2.546606827894017044e+01
2.424170010515632256e+01
2.404405103119893994e+01
2.420152929737963277e+01
2.400129909457962896e+01
2.414918850175386567e+01
2.474139795712233436e+01
2.577089051310861478e+01
2.649836639790555637e+01
2.679279557028663206e+01
2.712489851055290302e+01
2.722951726416087936e+01
2.668643827192461870e+01
2.583261960252189127e+01
2.570124340547464570e+01
2.527641595222364757e+01
2.546730490904998945e+01
2.553403206752293286e+01
2.601230068286999497e+01
2.672090032121792547e+01
2.741930247542532584e+01
2.812793952132145847e+01
2.873925169093932297e+01
2.902187947364544485e+01
2.877292362812148241e+01
2.854006777119595739e+01
2.843199506547602340e+01
2.851575832245490716e+01
2.867408612014182268e+01
2.883545995560340813e+01
2.876077290321304858e+01
2.892247091795628933e+01
2.936877753436755967e+01
2.980817129881599215e+01
2.990995787102298564e+01
2.965966626520777538e+01
2.901385551242331928e+01
2.798763470452889734e+01
2.720253167401711991e+01
2.678994495419389565e+01
2.671268461289738028e+01
2.592815431776628543e+01
2.591705608000622973e+01
2.611927513472346973e+01
2.649865002189801899e+01
2.757975737434214381e+01
2.828038601973742061e+01
2.762712172798041976e+01
2.700283815426279332e+01
2.627712578133467503e+01
2.557481505209074868e+01
2.540670092499561861e+01
2.520442500443740030e+01
2.576674543273098550e+01
2.625207675074457825e+01
2.702765423558218671e+01
2.769442350092058192e+01
2.837913346853996543e+01
2.845803355400803625e+01
2.834646258877157265e+01
2.811502993832873187e+01
2.749090628046409179e+01
2.672759976450037556e+01
2.644063438578891834e+01
2.624628993618883044e+01
2.594721511076091147e+01
2.611845711175377005e+01
2.680969452074512560e+01
2.740643695996504547e+01
2.809060044167006964e+01
2.856074925828120925e+01
2.858421134891331405e+01
2.835592536011359144e+01
2.747306762160355476e+01
2.685375199133267898e+01
2.676224252507542190e+01
2.639376384221866800e+01
2.625989314916728645e+01
2.665612429939466210e+01
2.729454970366802158e+01
2.788889113889753801e+01
2.869053542414610192e+01
2.905967153681068282e+01
2.872053030156591547e+01
2.852542283244002164e+01
2.782125036409011543e+01
2.698765245155887271e+01
2.667554567151013956e+01
2.663714578307636316e+01
2.638748266917431806e+01
2.626634642722788016e+01
2.639356085664693907e+01
2.735474157704019049e+01
2.809760151976639975e+01
2.837269469608243710e+01
2.838433294211204938e+01
2.775216355637390819e+01
2.670545102519392699e+01
2.637942746694676899e+01
2.614267028470902687e+01
2.604717288476058101e+01
2.616917576430860848e+01
2.628462991424846962e+01
2.646388425121796217e+01
2.731694287839955138e+01
2.809698055355670832e+01
2.847433461698696888e+01
2.846195499735860324e+01
2.808155645175837378e+01
2.765392593970173607e+01
2.739656471376388325e+01
2.772098235735440142e+01
2.769653340292019905e+01
2.761485222765542957e+01
2.762437842506633956e+01
2.808316528022637115e+01
2.863354397306401466e+01
2.945172972514720655e+01
2.968136793317167488e+01
2.971968106225046569e+01
2.955370898726136986e+01
2.923700420792973986e+01
2.865632160796249650e+01
2.871598296444146925e+01
2.884590848151092857e+01
2.895907488640900240e+01
2.913840165766161405e+01
2.912966284841736808e+01
2.921602879084442606e+01
2.938842880898348398e+01
2.899439751210725191e+01
2.826946366777688269e+01
2.635616801099377682e+01
2.503115590251409017e+01
2.456379301645209168e+01
2.429729632768529513e+01
2.400653248459018485e+01
2.437732889398903779e+01
2.470939524146966804e+01
2.527258823832978152e+01
2.608931554900725658e+01
2.658835648547184149e+01
2.639177248043001356e+01
2.633976969479635244e+01
2.546588345285704236e+01
2.467729569916378551e+01
2.444129876758469777e+01
2.431081032610742909e+01
2.467414273186684426e+01
2.490871522709675645e+01
2.548546960952919704e+01
2.626897083633180330e+01
2.678545274201469795e+01
2.726085208322363584e+01
2.780709768655627201e+01
2.778066942760997193e+01
2.750012078508501290e+01
2.673021729273962777e+01
2.620853980611457246e+01
2.607825489335317926e+01
2.574459448476473611e+01
2.587764159150308529e+01
2.641404770535371327e+01
2.685714715698947685e+01
2.733591098500059502e+01
2.790288517126191081e+01
2.820345875629399757e+01
2.827885923125412759e+01
2.780518859700234913e+01
2.710765561774425692e+01
2.650705464229781327e+01
2.623629143018455068e+01
2.647766965629916314e+01
2.671908325442408128e+01
2.693846359276809110e+01
2.707253853585741155e+01
2.800452747768501993e+01
2.879362887810348681e+01
2.907222026670978465e+01
2.902086321707765748e+01
2.890611788015034378e+01
2.874492283402637582e+01
2.863784194540698635e+01
2.880964267201899176e+01
2.860444631034982876e+01
2.864092269478452835e+01
2.870163838850890414e+01
2.922270706375691063e+01
2.942343083094083411e+01
2.975961336904182630e+01
2.971039632251028806e+01
2.920142003952193122e+01
2.784527074227620602e+01
2.652334804100037502e+01
2.622560196005286670e+01
2.518571193409277598e+01
2.532810348988984472e+01
2.499332995958278048e+01
2.577052141420719522e+01
2.662118203721442455e+01
2.725603034764200316e+01
2.739870368466358030e+01
2.767565243793002239e+01
2.771923223654349044e+01
2.707142382177475426e+01
2.604911383464119012e+01
2.543560302485399305e+01
2.583305197746827986e+01
2.548646796611158649e+01
2.589280236340703212e+01
2.655720181328522500e+01
2.697282313245730734e+01
2.779306209490050250e+01
2.868985441888971266e+01
2.909137205868221443e+01
2.910259014999462579e+01
2.900171741663876546e+01
2.865072263433124178e+01
2.852692313171503358e+01
2.841793898180015887e+01
2.821302733264161233e+01
2.802687698516096759e+01
2.808209111425220073e+01
2.795921317909969162e+01
2.837490914539623077e+01
2.895683806426715989e+01
2.888635162994758687e+01
2.856011873651432609e+01
2.739714767335836498e+01
2.585947813097808279e+01
2.525797447713359745e+01
2.511848717804930331e+01
2.557497324779753711e+01
2.567185161638184354e+01
2.640654699707389241e+01
2.681395237610929172e+01
2.797328476809089182e+01
2.846988839681442940e+01
2.858190957907438445e+01
2.833110545175561157e+01
2.777152872021869712e+01
2.661424843661848882e+01
2.635539344208142509e+01
2.585217158349940192e+01
2.550567197302344979e+01
2.559062288496428295e+01
2.595730674510072333e+01
2.658342241900973235e+01
2.726775752745085057e+01
2.788379876504573573e+01
2.824285818420972305e+01
2.820127750356133234e+01
2.779419608662387375e+01
2.709261959393809605e+01
2.681638818201510688e+01
2.688733231721283090e+01
2.689598098627664413e+01
2.706975588148656087e+01
2.732330386198758632e+01
2.787780626033230646e+01
2.894536344547168127e+01
2.975372049236824523e+01
2.996248049213611608e+01
2.997857436663646524e+01
2.986030148572977438e+01
2.987021710458378720e+01
3.006984684920164241e+01
3.014151620739453818e+01
3.030035024524617882e+01
3.028845953145679104e+01
3.027971913437537310e+01
3.025961537809924806e+01
2.998469018242461459e+01
2.965653688157346579e+01
2.852379531615579111e+01
2.716154029004083981e+01
2.605421787462355354e+01
2.508440393354105069e+01
2.496540976342476625e+01
2.488635809565156620e+01
2.506444869328761982e+01
2.487216214932154656e+01
2.529383546842765185e+01
2.635227880853934934e+01
2.611705261410580547e+01
2.722860858259569738e+01
2.723704007755332768e+01
2.719397210528399711e+01
2.619306820692217030e+01
2.494400802273595730e+01
2.455602011353359160e+01
2.430316857212547177e+01
2.445406468436484460e+01
2.456182519594420555e+01
2.516757721430260730e+01
2.538651288789265692e+01
2.633565884624807296e+01
2.715523648677437052e+01
2.726549152842344270e+01
2.719407704081632104e+01
2.655526785161157832e+01
2.573227163835119669e+01
2.538506159137408247e+01
2.537821808956870484e+01
2.531383119705057183e+01
2.600203171441951966e+01
2.656332335081026486e+01
2.731805017929811186e+01
2.782670752550906812e+01
2.861458340123215294e+01
2.896455589205619319e+01
2.897409356482431164e+01
2.884008847912192053e+01
2.824665600354153483e+01
2.785082550770770382e+01
2.790161007097461265e+01
2.826615396027078830e+01
2.821619594147117027e+01
2.843338912951902486e+01
2.877757003566291161e+01
2.940391842914939602e+01
2.994470276478890725e+01
2.997664543727897879e+01
2.983095514346869237e+01
2.913959794381131729e+01
2.820739877796029305e+01
2.758801067577316246e+01
2.714992317412594147e+01
2.658371587241991918e+01
2.621846761721276664e+01
2.599155081226083652e+01
2.640159790384174343e+01
2.720573139545776442e+01
2.771957753984542094e+01
2.811676077824025199e+01
2.793206934214381576e+01
2.645803721168401168e+01
2.537366355481991320e+01
2.516315170657976097e+01
2.513660320774619450e+01
2.476457450571803776e+01
2.537859036011931835e+01
2.578477830528623471e+01
2.609084407109443404e+01
2.718470858615181385e+01
2.735747733297970541e+01
2.770931730093904122e+01
2.775307522521784520e+01
2.719045095791109290e+01
2.611328072588495885e+01
2.562573323572739525e+01
2.554441235554339684e+01
2.539315442186516592e+01
2.560150760677311155e+01
2.603242528171286452e+01
2.628612658883317366e+01
2.750900127928021632e+01
2.791697855077191193e+01
2.840683590195002850e+01
2.828790592518812019e+01
2.796939428368588665e+01
2.733945398330263998e+01
2.674673117035125003e+01
2.650723518538129753e+01
2.671288214029417318e+01
2.688273198952181531e+01
2.731729098242307430e+01
2.762990677625353797e+01
2.802539299240556403e+01
2.878699973424907910e+01
2.904157596128559859e+01
2.901577286723247440e+01
2.893280323286522560e+01
2.854635888815374756e+01
2.800424335352823846e+01
2.780020618547304068e+01
2.764134729042119787e+01
2.776031365419076380e+01
2.789132451645200916e+01
2.850661140132506688e+01
2.909707100801826130e+01
2.990602220828179370e+01
3.017900890011884840e+01
3.007297538917669044e+01
3.004604125662037717e+01
3.003026130623203471e+01
3.013883100730396691e+01
3.020234729575903998e+01
3.055341880611757688e+01
3.047854036033066194e+01
3.051155218772399280e+01
3.053784272144630307e+01
3.047848134938887554e+01
3.030208300964340751e+01
2.965361175848415698e+01
2.778722415207994700e+01
2.663351604638008396e+01
2.564751816154254271e+01
2.545344830837359851e+01
2.515304364218388500e+01
2.492400671405167856e+01
2.532599651301960009e+01
2.564418333287369123e+01
2.570885881029763453e+01
2.720717865346182052e+01
2.722709336354948206e+01
2.758257662266855448e+01
2.675818845024329562e+01
2.565607074687170552e+01
2.390606241669643950e+01
2.430323687595178939e+01
2.414075173266427043e+01
2.432036774065484508e+01
2.462479068608499233e+01
2.579406309049807433e+01
2.657157044180494765e+01
2.649545833544422990e+01
2.712250241578360743e+01
2.748291459840766038e+01
2.756859271881222639e+01
2.703216448089121116e+01
2.590370278833058748e+01
2.574319791574009031e+01
2.553941684255604017e+01
2.561833154496242315e+01
2.577496497412867882e+01
2.612457862249963370e+01
2.668815385846478705e+01
2.743889081819607156e+01
2.834543976003560672e+01
2.869375531964657711e+01
2.865478406668066569e+01
2.849035863254948353e+01
2.819741860346906392e+01
2.782486794030720034e+01
2.802993700817032874e+01
2.770685489712971616e+01
2.765159067674635551e+01
2.762837291825778863e+01
2.792679369448109483e+01
2.850417539990996119e+01
2.931585548133825725e+01
2.976974859467207324e+01
2.973760641992364739e+01
2.962205863933888139e+01
2.947111509400439999e+01
2.924079184983266444e+01
2.898482187137367205e+01
2.896274855710413831e+01
2.897997885235894344e+01
2.895815483232739496e+01
2.894057418930167813e+01
2.877997436417870958e+01
2.915090385415699714e+01
2.902858998313690719e+01
2.816371824540695457e+01
2.627897499387749392e+01
2.480159244697099297e+01
2.492070506797411866e+01
2.452711142601245697e+01
2.440049097888080709e+01
2.441129796586044876e+01
2.488251455283180036e+01
2.601004701913348782e+01
2.640685845623480787e+01
2.721793717905869059e+01
2.716579067892880062e+01
2.707209882232127995e+01
2.625702837384964639e+01
2.531118829253484748e+01
2.520190983430336118e+01
2.501726733582482964e+01
2.522288507002915736e+01
2.581307930128828687e+01
2.631294203788766239e+01
2.690341641200518197e+01
2.710416175309429221e+01
2.840476989166067057e+01
2.841486530387014042e+01
2.864222227936409482e+01
2.805577289576613609e+01
2.716705364963346270e+01
2.676715462643275245e+01
2.675932831748787422e+01
2.661733743845103461e+01
2.648577594774028299e+01
2.674071638862543665e+01
2.693559196502751618e+01
2.746672614903038578e+01
2.806762363202521016e+01
2.842071977239184477e+01
2.853647222289146868e+01
2.812574771369359894e+01
2.737613469309979664e+01
2.694777599598756268e+01
2.721321541343457540e+01
2.746165441014253972e+01
2.765347837347031756e+01
2.816671003063720136e+01
2.849870862712836583e+01
2.894852460519892645e+01
2.962336090841407454e+01
2.987887307489630473e+01
2.995316523421597310e+01
2.987777536119142496e+01
2.971473803402021829e+01
2.950142631493933720e+01
2.976197406831428083e+01
2.979963224759172746e+01
2.983044128490379521e+01
3.011790608641060274e+01
3.023975680589279236e+01
3.050138705775631465e+01
3.055880907910750466e+01
3.044692334515430687e+01
2.953471733068987604e+01
2.796406978345097727e+01
2.673541690894050404e+01
2.674586430926004610e+01
2.596574968291387364e+01
2.566806138782765245e+01
2.553673146835155805e+01
2.555979938670230922e+01
2.656813391488583065e+01
2.686316580281224731e+01
2.751970397281592895e+01
2.765761739131941255e+01
2.781584569920688210e+01
2.692854156405005028e+01
2.584001537582635066e+01
2.543208379603032299e+01
2.560501897938289773e+01
2.544556279316664771e+01
2.588685661750986711e+01
2.629313010592129629e+01
2.696409135555244063e+01
2.732918769969616690e+01
2.787098966808284572e+01
2.815868327602733245e+01
2.808111392377402282e+01
2.769856166899093353e+01
2.682258714759461071e+01
2.615283199570577111e+01
2.648397007162890660e+01
2.591528683461899263e+01
2.614155991358595799e+01
2.655596866817880652e+01
2.669441925936245852e+01
2.698813088017125850e+01
2.773731032140074859e+01
2.810755173758166947e+01
2.817503172283906565e+01
2.716131543659978931e+01
2.590689797766547997e+01
2.548286583935191629e+01
2.533020272581886090e+01
2.538090665386398470e+01
2.551926289594601727e+01
2.609877551689928765e+01
2.645423931433652953e+01
2.725494194627046696e+01
2.807115880691613796e+01
2.848069253664787936e+01
2.845529547233040901e+01
2.811987675190467328e+01
2.753333421568913764e+01
2.700038548195045252e+01
2.714234399179548873e+01
2.699953879510100663e+01
2.719432177717414945e+01
2.755993009916403480e+01
2.793136750576722704e+01
2.855203072087185845e+01
2.901024018846246832e+01
2.927158734970703691e+01
2.924546755394264608e+01
2.881136331621753754e+01
2.777884244488639354e+01
2.725953745172952480e+01
2.697725268015319244e+01
2.675869991027494166e+01
2.666768050459562289e+01
2.695074462876663546e+01
2.712230004355946278e+01
2.759021004540561250e+01
2.831130262056233349e+01
2.900726121062240637e+01
2.928259262398709950e+01
2.907657320727995653e+01
2.874874974920980719e+01
2.854045361043180051e+01
2.868865971851711194e+01
2.902146570575603235e+01
2.905077947306202546e+01
2.936394836280942044e+01
2.972059926509497529e+01
3.014903219619575481e+01
3.052082517844575094e+01
3.056422336469793066e+01
3.055785665696420494e+01
3.037587542340953561e+01
2.982811089223612200e+01
2.911260481008034873e+01
2.919931583111576145e+01
2.914067269571081908e+01
2.880584070191672907e+01
